ANDERSON 39,550 8,049 961 6,469 485 307
BEDFORD 20,883 2,565 456 90 211 131
BENTON 9,158 2,771 152 2,746 149 41
BLEDSOE 7,313 1,227 231 169 139 42
BLOUNT 63,874 8,092 1,613 535 779 159
BRADLEY 56,709 3,186 1,025 40 456 3,407
CAMPBELL 22,407 1,725 431 884 246 69
CANNON 7,681 466 165 420 105 19
CARROLL 16,071 3,048 374 86 348 93
CARTER 29,411 4,202 648 567 471 1,245
CHEATHAM 19,870 3,832 481 25 285 117
CHESTER 8,248 1,314 282 3 96 43
CLAIBORNE 15,551 2,167 338 305 329 0
CLAY 4,587 1,676 95 840 53 74
COCKE 20,546 1,640 521 31 318 39
COFFEE 28,108 2,802 732 77 479 76
CROCKETT 7,798 901 152 22 133 48
CUMBERLAND 32,815 5,853 1,029 0 444 165
DAVIDSON 288,246 58,600 8,420 5,098 4,051 2,458
DECATUR 6,462 827 131 696 114 612
DEKALB 9,817 2,765 699 2,625 606 48
DICKSON 24,979 4,763 739 2,492 422 540
DYER 19,540 2,323 348 58 271 56
FAYETTE 23,698 2,334 618 844 310 100
FENTRESS 9,969 2,238 241 1,606 117 47
FRANKLIN 22,251 2,563 575 809 392 53
GIBSON 26,946 3,231 679 107 417 90
GILES 16,218 2,142 470 45 273 63
GRAINGER 12,514 899 249 498 216 33
GREENE 37,232 2,690 760 311 395 51
GRUNDY 6,083 1,098 132 0 72 40
HAMBLEN 30,909 2,485 659 226 417 148
HAMILTON 213,568 5,106 4,973 0 2,505 5,751
HANCOCK 4,834 228 55 0 96 17
HARDEMAN 15,028 1,197 217 1,088 227 43
HARDIN 14,088 1,796 346 0 253 43
HAWKINS 27,603 7,256 740 7,037 356 92
HAYWOOD 9,776 2,223 198 1,958 233 29
HENDERSON 15,489 2,418 348 32 225 69
HENRY 17,523 6,022 355 666 359 98
HICKMAN 13,146 922 240 42 237 35
HOUSTON 4,543 609 77 7 56 17
HUMPHREYS 11,263 946 219 384 213 153
JACKSON 8,194 190 144 25 161 2
JEFFERSON 25,725 4,048 763 216 412 82
JOHNSON 10,432 663 165 0 99 0
KNOX 258,469 15,820 5,125 1,779 2,575 306
LAKE 3,575 596 55 159 59 20
LAUDERDALE 13,556 544 168 58 249 64
LAWRENCE 22,001 4,276 475 0 234 80
LEWIS 6,752 1,433 116 1,257 160 6
LINCOLN 17,275 2,377 418 1,117 219 30
LOUDON 27,817 3,861 734 22 333 132
MACON 11,607 1,430 2,227 1 2,271 4
MADISON 55,098 7,563 1,202 3,944 740 172
MARION 14,610 5,187 408 4,513 170 147
MARSHALL 15,029 2,737 368 2,667 285 38
MAURY 47,914 1,958 1,348 69 682 62
MCMINN 26,486 3,247 634 1,932 441 640
MCNAIRY 14,389 486 358 1 310 18
MEIGS 6,448 1,115 169 7 73 48
MONROE 23,135 7,304 513 5,077 325 135
MONTGOMER 79,918 13,620 2,630 130 750 187
MOORE 4,322 113 94 9 96 8
MORGAN 11,619 159 289 0 170 154
OBION 16,866 3,638 303 709 234 85
OVERTON 12,661 1,324 320 504 222 19
PERRY 4,797 565 98 359 83 212
PICKETT 3,647 478 61 59 64 232
POLK 10,732 113 229 5 203 3
PUTNAM 34,858 7,380 932 245 495 214
RHEA 18,119 1,145 357 260 189 23
ROANE 30,703 3,872 594 272 365 66
ROBERTSON 34,014 4,948 982 6 390 139
RUTHERFORD 126,014 18,479 4,174 8,779 1,709 497
SCOTT 13,853 511 180 6 191 13
SEQUATCHIE 8,889 447 219 172 147 6
SEVIER 41,940 9,831 2,136 5,182 1,093 2
SHELBY 545,772 63,955 10,390 269 3,998 549
SMITH 10,756 1,862 235 1,619 217 34
STEWART 7,293 1,203 191 123 149 38
SULLIVAN 85,293 582 2,003 355 547 665
SUMNER 86,343 10,561 2,436 7,564 966 7,073
TIPTON 31,766 6,266 1,027 4,752 476 905
TROUSDALE 4,657 671 95 295 84 8
UNICOI 9,609 1,534 227 1,186 138 15
UNION 10,525 1,585 245 1,387 228 10
VAN BUREN 4,020 539 57 131 60 16
WARREN 18,297 3,812 478 1,222 296 68
WASHINGTON 63,419 8,796 1,859 169 801 213
WAYNE 9,521 848 183 41 108 13
WEAKLEY 16,842 3,602 586 2,950 408 58
WHITE 14,422 1,881 313 1,543 310 291
WILLIAMSON 112,059 13,668 3,697 389 1,143 282
WILSON 62,800 8,946 1,611 55 772 1,430
