ANDERSON 42,738 5,530 951 42 615 1,435
BEDFORD 18,101 5,603 393 4,301 262 793
BENTON 8,268 3,281 182 1,493 90 680
BLEDSOE 7,103 1,742 157 426 107 22
BLOUNT 67,227 4,153 1,835 2,456 841 5,270
BRADLEY 44,751 16,587 1,439 15,459 813 1,866
CAMPBELL 21,189 3,580 390 1,973 265 141
CANNON 6,394 2,012 175 1,572 142 41
CARROLL 17,715 1,442 169 1,094 330 218
CARTER 31,260 556 534 67 434 3,120
CHEATHAM 21,586 3,040 504 171 244 278
CHESTER 9,282 938 211 0 123 28
CLAIBORNE 15,215 1,800 236 2,135 318 843
CLAY 5,014 700 121 281 78 554
COCKE 19,030 3,161 390 2,326 306 615
COFFEE 25,507 5,838 640 4,172 639 782
CROCKETT 8,256 575 155 1 98 167
CUMBERLAND 33,133 5,441 809 2,454 443 2,066
DAVIDSON 310,209 65,516 8,328 39,852 5,263 1,267
DECATUR 5,959 1,442 82 735 100 32
DEKALB 9,551 3,284 332 1,020 163 162
DICKSON 25,041 4,239 511 1,959 448 1,851
DYER 18,499 3,557 308 1,957 285 636
FAYETTE 25,142 1,539 457 422 339 991
FENTRESS 9,757 2,713 233 2,690 204 59
FRANKLIN 20,622 4,852 663 3,060 26 866
GIBSON 26,830 3,658 561 1,739 463 769
GILES 15,936 2,281 325 1,242 244 884
GRAINGER 11,137 3,177 1,159 2,782 245 399
GREENE 36,865 3,300 816 1,736 535 1,306
GRUNDY 5,592 1,828 205 1,171 145 76
HAMBLEN 31,193 2,840 596 1,095 470 415
HAMILTON 220,034 11,096 5,009 0 2,485 206
HANCOCK 4,612 381 81 235 149 54
HARDEMAN 14,376 2,093 336 0 202 66
HARDIN 13,442 2,187 324 1,548 207 974
HAWKINS 25,778 10,077 813 4,073 351 360
HAYWOOD 9,233 2,636 155 1,253 152 440
HENDERSON 14,181 3,990 344 2,277 205 400
HENRY 16,250 3,361 397 2,408 204 4,650
HICKMAN 11,615 2,361 170 1,871 229 354
HOUSTON 4,768 509 114 2 77 6
HUMPHREYS 11,598 1,000 188 233 226 19
JACKSON 6,749 1,641 177 1,559 136 138
JEFFERSON 25,858 4,058 769 1,608 513 1,081
JOHNSON 10,110 909 114 556 133 262
KNOX 274,127 14,993 5,446 34 3,337 324
LAKE 3,446 569 66 225 67 199
LAUDERDALE 13,613 936 355 469 219 54
LAWRENCE 20,808 3,769 345 2,524 294 2,436
LEWIS 6,453 1,740 122 699 140 180
LINCOLN 16,341 4,023 504 2,561 256 494
LOUDON 27,925 4,877 620 2,069 428 653
MACON 8,622 4,511 230 2,506 159 342
MADISON 58,392 5,190 1,019 271 810 2,067
MARION 14,011 5,846 462 2,239 200 717
MARSHALL 13,538 4,936 500 1,744 208 176
MAURY 47,160 4,156 1,128 137 600 1,755
MCMINN 28,893 2,164 584 45 436 78
MCNAIRY 12,861 2,358 232 2,346 275 482
MEIGS 6,153 1,309 119 646 108 306
MONROE 23,401 7,935 615 1,802 346 140
MONTGOMER 87,717 8,548 3,510 3,996 1,781 7,640
MOORE 4,510 90 91 16 52 26
MORGAN 11,785 146 1,112 0 1,185 1
OBION 15,399 4,584 375 2,460 271 1,037
OVERTON 11,509 2,357 201 1,692 243 460
PERRY 4,982 505 82 0 49 4
PICKETT 3,418 739 61 297 49 20
POLK 11,491 88 250 0 118 2
PUTNAM 31,818 11,233 736 7,067 516 1,218
RHEA 13,694 6,191 394 4,015 161 171
ROANE 26,893 5,431 519 5,224 451 3,402
ROBERTSON 34,519 4,362 863 2,444 597 2,253
RUTHERFORD 141,987 7,130 4,254 1 1,607 8,470
SCOTT 13,123 1,426 190 5 151 26
SEQUATCHIE 8,781 1,008 180 29 99 22
SEVIER 52,857 7,560 2,142 0 968 39
SHELBY 490,304 111,361 8,491 599 6,720 1,779
SMITH 9,979 2,613 191 1,223 126 295
STEWART 6,932 1,914 198 625 129 68
SULLIVAN 89,011 908 1,964 277 1,360 24
SUMNER 81,424 21,158 24,223 12,038 23,992 389
TIPTON 29,698 9,778 862 4,479 454 857
TROUSDALE 4,160 1,017 51 501 61 302
UNICOI 8,916 2,430 211 1,363 150 359
UNION 9,947 2,350 240 1,176 192 12
VAN BUREN 4,009 363 96 221 52 339
WARREN 17,584 3,754 445 2,386 323 1,622
WASHINGTON 69,738 7,454 2,197 5 1,080 143
WAYNE 8,063 2,129 202 1,802 167 453
WEAKLEY 17,473 3,401 439 17 273 175
WHITE 12,409 4,061 390 2,646 248 365
WILLIAMSON 108,926 23,207 3,494 15,392 1,316 4,541
WILSON 62,421 13,040 1,459 6,685 742 1,257
