ANDERSON 42,386 6,981 3,059 2 1,665 212
BEDFORD 21,907 2,459 1,227 2 330 150
BENTON 9,681 2,456 405 2 188 51
BLEDSOE 7,466 1,351 336 13 120 28
BLOUNT 68,591 7,065 3,654 461 1,101 180
BRADLEY 59,547 3,031 2,780 72 990 69
CAMPBELL 23,146 1,639 965 33 331 85
CANNON 7,951 463 366 14 178 14
CARROLL 19,015 521 1,134 61 361 116
CARTER 31,165 3,671 1,557 4 593 88
CHEATHAM 21,476 3,168 1,163 1 522 107
CHESTER 9,188 972 676 0 203 51
CLAIBORNE 16,140 1,800 855 48 385 400
CLAY 5,054 1,171 141 1 74 41
COCKE 21,275 1,447 746 34 352 44
COFFEE 29,650 2,476 1,633 0 716 76
CROCKETT 8,181 760 376 0 198 29
CUMBERLAND 35,149 5,125 1,644 0 595 116
DAVIDSON 325,843 48,084 24,456 61 3,660 2,283
DECATUR 6,722 729 309 1 161 30
DEKALB 10,409 2,419 415 0 230 74
DICKSON 26,962 4,106 2,094 30 1,085 110
DYER 20,470 2,199 1,198 1 383 59
FAYETTE 25,475 2,079 1,518 5 585 90
FENTRESS 10,520 1,980 451 0 191 38
FRANKLIN 23,449 2,254 1,181 2 491 75
GIBSON 28,388 2,771 1,593 27 838 109
GILES 17,070 1,950 758 26 298 42
GRAINGER 12,987 812 508 0 232 31
GREENE 38,308 2,882 1,647 382 527 121
GRUNDY 6,524 912 319 20 96 40
HAMBLEN 32,179 2,143 1,459 24 618 158
HAMILTON 224,833 3,979 10,521 0 214 0
HANCOCK 4,907 208 99 0 62 6
HARDEMAN 14,203 2,198 586 1,162 356 88
HARDIN 14,886 1,600 730 3 276 40
HAWKINS 29,376 6,377 1,299 3 535 153
HAYWOOD 10,467 1,839 598 0 311 69
HENDERSON 16,306 2,126 688 1 336 56
HENRY 18,531 5,537 779 30 323 110
HICKMAN 13,538 851 525 0 267 26
HOUSTON 4,728 518 176 1 103 24
HUMPHREYS 11,852 803 534 0 191 31
JACKSON 8,265 222 285 0 161 7
JEFFERSON 27,198 3,543 1,365 0 585 129
JOHNSON 10,682 618 378 0 149 14
KNOX 271,517 15,818 13,335 3,074 4,359 761
LAKE 3,661 554 136 2 70 29
LAUDERDALE 13,951 516 615 35 293 27
LAWRENCE 23,234 3,728 911 0 316 66
LEWIS 7,145 1,246 291 3 156 33
LINCOLN 18,617 1,993 805 0 206 49
LOUDON 29,844 3,419 1,851 30 578 163
MACON 11,024 2,380 455 16 142 83
MADISON 58,352 7,088 3,680 95 1,403 271
MARION 15,944 4,368 740 0 341 100
MARSHALL 14,948 3,410 706 8 190 184
MAURY 46,646 5,897 2,924 118 557 505
MCMINN 28,661 2,326 1,447 194 452 126
MCNAIRY 15,328 416 765 3 132 7
MEIGS 6,800 957 310 1 166 47
MONROE 24,922 6,285 1,587 1 967 139
MONTGOMER 89,943 12,233 6,778 0 1,307 178
MOORE 4,481 106 177 0 119 3
MORGAN 11,856 149 458 0 260 2
OBION 17,733 3,183 734 0 360 82
OVERTON 13,229 1,139 526 0 303 41
PERRY 4,944 514 174 0 69 11
PICKETT 3,715 450 127 0 67 18
POLK 11,358 91 407 0 76 0
PUTNAM 37,730 6,319 2,291 12 751 256
RHEA 17,532 2,291 1,163 1,085 606 171
ROANE 32,190 3,468 1,807 0 970 79
ROBERTSON 36,726 4,142 2,119 1 758 148
RUTHERFORD 139,357 15,583 29,800 2 22,689 444
SCOTT 13,079 1,457 382 337 192 62
SEQUATCHIE 8,716 1,014 397 10 119 56
SEVIER 50,975 8,307 7,798 0 437 85
SHELBY 487,435 114,238 26,073 105 4,305 2,868
SMITH 11,156 1,666 443 1 222 50
STEWART 7,520 1,325 379 9 132 28
SULLIVAN 88,674 665 4,070 144 1,404 35
SUMNER 93,297 9,443 7,152 17 2,125 686
TIPTON 33,732 6,193 1,973 12 582 235
TROUSDALE 4,852 637 250 3 108 24
UNICOI 10,241 1,403 551 140 209 48
UNION 10,899 1,362 425 142 244 71
VAN BUREN 4,171 496 121 0 78 12
WARREN 19,803 3,035 793 23 295 116
WASHINGTON 68,543 7,675 4,062 31 1,446 204
WAYNE 9,818 792 278 0 124 11
WEAKLEY 17,288 3,595 990 37 495 195
WHITE 14,945 1,748 614 4 275 55
WILLIAMSON 122,686 11,810 8,557 0 2,511 363
WILSON 68,495 7,506 4,823 20 1,572 289
